#param = 100
#unit = esferas

# Nome do arquivo onde salvar a imagem
filename = ../../images/exemplo.ppm

# ---- Configurações da renderização ----
# Tipo da camera (deixar como 1)
camera_type = 1

# Para o C++, log mostra uma barra dinâmica do quanto da imagem já foi processado
log = 0
# Número máximo de reflexões a serem consideradas
max_depth = 50
# Número de pontos avaliados para cada pixel
samples_per_pixel = 100

# Formato e resolução da imagem
aspect_ratio = 1.5
# Altura e largura em pixels
altura = 800
largura = 1200
# Tamanho na cena do plano virtual da imagem
viewport_height = 2
viewport_width = 3.6

# Configurações da camera
focal_length = 1.0
origin = (13,2,3)

# Ponto para o qual a camera esta apontada
lookat = (0,0,0)
# Eixo vertical do sistema de coordenadas
vup = (0,1,0)
# Field of View vertical
vfov = 20
# Vetores diretores do plano virtual da imagem
horizontal = (3.6,0,0)
vertical = (0,2,0)
# Parametros para desfoque da imagem
aperture = 0.1
focus_dist = 10.0

# Instanciação dos objetos na cena
# Modelo:
#   sphere = posicao, raio, tipo_do_material(cor, args)
#   plano = posicao, u, v, H, W, tipo_do_material(cor, args)
# tipo_do_material:
#   opaque(cor)
#   metal(cor, fator_de_fuzzyness)
#   glass(cor, indice_de_refracao)

sphere = (0,-1000,0), 1000, opaque((0.5,0.5,0.5))

sphere = (0,1,0), 1.0, glass((1,1,1), 1.5)

sphere = (-4,1,0), 1.0, opaque((0.4,0.2,0.1))

sphere = (4,1,0), 1.0, metal((0.7,0.6,0.5), 0.0)

sphere = (0.1607005677891683,0.2,0.3713243369381118), 0.2, opaque((0.12071091191593397,0.2657898166832695,0.05755680287794482))

sphere = (0.7420484069698701,0.2,1.1252542974496682), 0.2, opaque((0.648505588832594,0.01655005985073268,0.5104687963640411))

sphere = (0.20542271814693577,0.2,2.077892880708625), 0.2, metal((0.5105345634210724,0.8181004704567894,0.8558609459721951), 0.3664185070798526)

sphere = (0.7296166677253617,0.2,3.338751526565858), 0.2, opaque((0.004605893121881573,0.49857088378412356,0.10571013942330469))

sphere = (0.8659600441306494,0.2,4.473469185594849), 0.2, opaque((0.005841013462298081,0.08044401790434565,0.10894174468523522))

sphere = (0.6841992431525789,0.2,5.667628517385304), 0.2, metal((0.7180949687434581,0.6723857461606397,0.9984260462141639), 0.1763365340795019)

sphere = (0.14721853254207687,0.2,6.222981260663626), 0.2, metal((0.8794018671233053,0.9736170159017027,0.9949154344663673), 0.15429305274101807)

sphere = (0.09545415049884363,0.2,7.850026196545127), 0.2, metal((0.55974046608708,0.856719874630063,0.6623027631822849), 0.03020277432918167)

sphere = (0.6742608871955299,0.2,8.833172316287373), 0.2, opaque((0.2623014900102734,0.21427499585613705,0.4469483382817303))

sphere = (0.8733001784750862,0.2,9.73517304518215), 0.2, opaque((0.15916061147253213,0.25591054346955033,0.4129934997320667))

sphere = (1.253788077505279,0.2,0.4299977127983863), 0.2, opaque((0.0722242359721824,0.1718356890040679,0.6588284681144151))

sphere = (1.6118855305110316,0.2,1.485325520627738), 0.2, opaque((0.14360353521859853,0.4879842838794235,0.6795419777217886))

sphere = (1.343686998587096,0.2,2.794626438668528), 0.2, opaque((0.05089096164384278,0.07635580711026864,0.0381417048232045))

sphere = (1.1442118929001657,0.2,3.502629714577875), 0.2, opaque((0.061016312552111505,0.02555443790306046,0.23355213927130658))

sphere = (1.0795752165887353,0.2,4.665977699641682), 0.2, glass((1,1,1),1.5)

sphere = (1.1654881697984534,0.2,5.395568506424038), 0.2, opaque((0.02972064975765573,0.45828327257894386,0.1363267622801142))

sphere = (1.701058089741562,0.2,6.837320909140756), 0.2, opaque((0.36762290177136137,0.25020443860656566,0.01630626017590739))

sphere = (1.668640785568254,0.2,7.620725095344369), 0.2, opaque((0.025100331423605914,0.4666998630330806,0.6704931838000544))

sphere = (1.284723687128901,0.2,8.307652991476768), 0.2, opaque((0.12023305413339515,0.1225657861738275,0.8260932432503496))

sphere = (1.0489266536345498,0.2,9.476915235711193), 0.2, metal((0.8213913826775077,0.9826729706417315,0.8566991551504213), 0.10115945184029773)

sphere = (2.2901746424790286,0.2,0.5748565179527021), 0.2, opaque((0.15460418109768265,0.12269891631545617,0.5625012908585846))

sphere = (2.380351421978297,0.2,1.2768818542338178), 0.2, glass((1,1,1),1.5)

sphere = (2.4968800023202213,0.2,2.746599576656652), 0.2, opaque((0.265291875680569,0.22382484076390669,0.03815151633251782))

sphere = (2.7120702107335535,0.2,3.7082567002632008), 0.2, opaque((0.03533003199063741,0.020383361467432477,0.27437927613546054))

sphere = (2.2390033667579017,0.2,4.161983953056252), 0.2, opaque((0.10180830922622104,0.563487700688352,0.1764471614485354))

sphere = (2.4639830236780242,0.2,5.466731521772205), 0.2, opaque((0.06746332418101712,0.3125270275083508,0.6735424693026443))

sphere = (2.5207159263061136,0.2,6.532394736495843), 0.2, opaque((0.4045636468447904,0.6494541845426424,0.2304043154709719))

sphere = (2.031764359292587,0.2,7.138705312968952), 0.2, opaque((0.07425853559002969,0.06715243935723982,0.6082014301308208))

sphere = (2.665092877326033,0.2,8.33180268112624), 0.2, opaque((0.036219512937495126,0.037423408064693804,0.007778217692885012))

sphere = (2.2804324425837943,0.2,9.367684317807347), 0.2, opaque((0.11258569725470306,0.7870334650428116,0.053021841537519966))

sphere = (3.136244470896554,0.2,0.766234867822198), 0.2, opaque((0.01505627289548518,0.044747665760296186,0.00723289557925898))

sphere = (3.6970520666241256,0.2,1.6483482250272816), 0.2, opaque((0.46898693465129976,0.050727217251907465,0.044319983020199225))

sphere = (3.577358611670932,0.2,2.7891260813997762), 0.2, opaque((0.09609586186558088,0.12818702270259028,0.30200618002452034))

sphere = (3.8627621865902317,0.2,3.640880446834825), 0.2, opaque((0.0312539470678976,0.5484473826800002,0.08655265343775816))

sphere = (3.617598648277291,0.2,4.614984441444611), 0.2, opaque((0.034935352901462075,0.40945071815090345,0.38712155431569606))

sphere = (3.27731644010548,0.2,5.239854512556255), 0.2, opaque((0.20977911682253386,0.47859806484368816,0.17101552236302817))

sphere = (3.399208990001882,0.2,6.309192943660168), 0.2, opaque((0.2625647528287426,0.06514350802530672,0.34182921105868647))

sphere = (3.5057892420160592,0.2,7.09279317902949), 0.2, glass((1,1,1),1.5)

sphere = (3.6034231357882556,0.2,8.897013204675787), 0.2, opaque((0.3213757625500453,0.04027955329548573,0.2414406923399679))

sphere = (3.6386227577225783,0.2,9.183798008319338), 0.2, opaque((0.017946345846229252,0.41794608433902714,0.24109838074994355))

sphere = (4.581951071005446,0.2,0.8519093937835868), 0.2, opaque((0.14714915005612694,0.01958277636552032,0.7675616806054815))

sphere = (4.37549074425397,0.2,1.0003304102205948), 0.2, opaque((0.06990736496768954,0.11739731565061955,0.1292976167233299))

sphere = (4.715956777258887,0.2,2.011456369560782), 0.2, opaque((0.3806977081812009,0.019599541109676658,0.24341755954462183))

sphere = (4.5754879402108735,0.2,3.709177443024452), 0.2, metal((0.9578755864372552,0.6492919766708336,0.5089872598766612), 0.2764879937227844)

sphere = (4.777829265135257,0.2,4.771076336253724), 0.2, opaque((0.02089220206747052,0.9337235728850574,0.45912351810680313))

sphere = (4.4940332905399565,0.2,5.5358261962246615), 0.2, opaque((0.30268987055254476,0.6800835327887994,0.018257306278024115))

sphere = (4.422465222776871,0.2,6.032734900321166), 0.2, opaque((0.24135096256677754,0.17826716669499287,0.1786176435429369))

sphere = (4.81382171495785,0.2,7.018550068646753), 0.2, metal((0.7038129682868572,0.8260731719600429,0.6686162171754274), 0.11584622379344517)

sphere = (4.0785751448212775,0.2,8.419515755104197), 0.2, opaque((0.04798765730882846,0.43662603242922565,0.12885387527184022))

sphere = (4.8376365256035845,0.2,9.031817546971807), 0.2, opaque((0.04326780153255984,0.3589958081230121,0.4025589738993984))

