#param = 50
#unit = esferas

# Nome do arquivo onde salvar a imagem
filename = ../../images/exemplo.ppm

# ---- Configurações da renderização ----
# Tipo da camera (deixar como 1)
camera_type = 1

# Para o C++, log mostra uma barra dinâmica do quanto da imagem já foi processado
log = 0
# Número máximo de reflexões a serem consideradas
max_depth = 50
# Número de pontos avaliados para cada pixel
samples_per_pixel = 100

# Formato e resolução da imagem
aspect_ratio = 1.5
# Altura e largura em pixels
altura = 800
largura = 1200
# Tamanho na cena do plano virtual da imagem
viewport_height = 2
viewport_width = 3.6

# Configurações da camera
focal_length = 1.0
origin = (13,2,3)

# Ponto para o qual a camera esta apontada
lookat = (0,0,0)
# Eixo vertical do sistema de coordenadas
vup = (0,1,0)
# Field of View vertical
vfov = 20
# Vetores diretores do plano virtual da imagem
horizontal = (3.6,0,0)
vertical = (0,2,0)
# Parametros para desfoque da imagem
aperture = 0.1
focus_dist = 10.0

# Instanciação dos objetos na cena
# Modelo:
#   sphere = posicao, raio, tipo_do_material(cor, args)
#   plano = posicao, u, v, H, W, tipo_do_material(cor, args)
# tipo_do_material:
#   opaque(cor)
#   metal(cor, fator_de_fuzzyness)
#   glass(cor, indice_de_refracao)

sphere = (0,-1000,0), 1000, opaque((0.5,0.5,0.5))

sphere = (0,1,0), 1.0, glass((1,1,1), 1.5)

sphere = (-4,1,0), 1.0, opaque((0.4,0.2,0.1))

sphere = (4,1,0), 1.0, metal((0.7,0.6,0.5), 0.0)

sphere = (0.6327390728610972,0.2,0.0905865371547556), 0.2, opaque((0.0018913548187126442,0.1242370066427833,0.19619797527743985))

sphere = (0.606470835282107,0.2,1.4933338364898505), 0.2, opaque((0.7295668662332452,0.21028543616747944,0.10796497809127756))

sphere = (0.49885310347212336,0.2,2.3577372981514513), 0.2, opaque((0.7257716763848738,0.8614768706865991,0.545481307267757))

sphere = (0.1472567497913481,0.2,3.0986213436420336), 0.2, metal((0.6257892467022258,0.9646157950195458,0.7342982053845056), 0.16647592491781182)

sphere = (0.3367919777350268,0.2,4.240084138092543), 0.2, metal((0.9428264101140625,0.818635736330489,0.599001112243581), 0.05973510798897658)

sphere = (0.6324797359685688,0.2,5.806865787559522), 0.2, opaque((0.4270891060815065,0.15429826562319346,0.02768126846334879))

sphere = (0.5645076599360365,0.2,6.893544273691072), 0.2, opaque((0.16986527089752856,0.40425324580007865,0.3384884540048149))

sphere = (1.2755582393426725,0.2,0.6559929512744079), 0.2, opaque((0.32849700069846705,0.10932361183985205,0.0448224400268833))

sphere = (1.7750345134709677,0.2,1.6277894172323535), 0.2, metal((0.6319577530227264,0.8939701957420803,0.5309952172752895), 0.3579548352025426)

sphere = (1.5767203198050561,0.2,2.425525561214047), 0.2, opaque((0.24645907425373437,0.007128481962128849,0.2679141978478635))

sphere = (1.1869235512722682,0.2,3.6708465721660875), 0.2, opaque((0.4179263232030864,0.07754959147951276,0.013984124335183841))

sphere = (1.0850457137416143,0.2,4.530767660861804), 0.2, opaque((0.5393237339112854,0.38120368749167616,0.01651094140711841))

sphere = (1.7131808699625921,0.2,5.390607384305118), 0.2, opaque((0.1012988170318762,0.4678912953793013,0.05824698822450426))

sphere = (1.5277167672238914,0.2,6.513961761596251), 0.2, metal((0.627061266304378,0.9928418641353663,0.7292079406686387), 0.4422394773070084)

sphere = (2.476938460159988,0.2,0.029799296851977474), 0.2, opaque((0.4963980785547771,0.2652303171439418,0.28746749624678103))

sphere = (2.1960970252622225,0.2,1.2253092129363108), 0.2, opaque((0.3222880942100626,0.7606226767461334,0.30716912811369546))

sphere = (2.234434853502502,0.2,2.791485761285137), 0.2, opaque((0.22424957321255218,0.2583017735751003,0.3891066440702716))

sphere = (2.619936798408629,0.2,3.5788409592810844), 0.2, opaque((0.06797786862811454,0.4092031711203698,0.10092644378442484))

sphere = (2.8974743758599235,0.2,4.062749868446371), 0.2, metal((0.7954278246833996,0.9067755998798818,0.8778988412943889), 0.272047390362412)

sphere = (2.672888565001228,0.2,5.009443472579217), 0.2, opaque((0.2544019370942197,0.14051173965762262,0.2901328345252516))

sphere = (2.895346814846804,0.2,6.666243643373016), 0.2, opaque((0.10962657388033717,0.17389725860583877,0.07628837584881457))

sphere = (3.0669256689854882,0.2,0.14459516558675714), 0.2, opaque((0.004377657981643535,0.16398267504200054,0.28163128898720147))

sphere = (3.7938283180149575,0.2,1.3295546590955596), 0.2, opaque((0.8351937746311321,0.6633482017661138,0.6375801517619355))

sphere = (3.2443325587604663,0.2,2.691198206310889), 0.2, opaque((0.0031749126603389643,0.011375226421527256,0.43828376912400124))

sphere = (3.8105683155894914,0.2,3.121066364293193), 0.2, opaque((0.6755404406308487,0.14460545212808612,0.032503505618195205))

sphere = (3.719266401078841,0.2,4.186393619144714), 0.2, opaque((0.40077573201014044,0.7491969300822695,0.02863069220148484))

sphere = (3.7586128381686112,0.2,5.418898641917609), 0.2, opaque((0.4907823283205829,0.7529505104439896,0.05438706177083929))

sphere = (3.867555095595253,0.2,6.2628672582172085), 0.2, opaque((0.3360702092029267,0.2619738706475144,0.8538465149852813))

sphere = (4.843327253693307,0.2,0.8319730408906559), 0.2, opaque((0.7772232325681254,0.13806364575048236,0.3730438506782798))

sphere = (4.851092832598371,0.2,1.7112910408887059), 0.2, opaque((0.0919548153587869,0.24752598060748493,0.024124433371424354))

sphere = (4.4677980916907405,0.2,2.2787902188666602), 0.2, opaque((0.010510289755126698,0.41083211001028286,0.20556264679196531))

sphere = (4.005272603989772,0.2,3.791482755989498), 0.2, opaque((0.04697109285782578,0.1290941957738462,0.30951485163098424))

sphere = (4.048985468634699,0.2,4.374938772975278), 0.2, opaque((0.4260406824879401,0.35982936558115114,0.015725632095071503))

sphere = (4.691437492573825,0.2,5.80918148465879), 0.2, opaque((0.003688346935498543,0.11143055198898709,0.1174512021612111))

sphere = (4.32710985836014,0.2,6.532097525226911), 0.2, metal((0.8993448704344567,0.8002770193041906,0.9829426312048396), 0.2092991067693733)

sphere = (5.874344178256939,0.2,0.5474705832952405), 0.2, opaque((0.04358356423856469,0.451361570391295,0.05378340160430087))

sphere = (5.679810163281971,0.2,1.1265899749694077), 0.2, opaque((0.05058639266004644,0.6930382123477397,0.055989367018677814))

sphere = (5.432261130271876,0.2,2.2008479222684305), 0.2, opaque((0.019947990250495862,0.5655279308037893,0.08283927856444948))

sphere = (5.245248230755069,0.2,3.2423527804272045), 0.2, opaque((0.03576415364138196,0.09197213675515291,0.30220801024979976))

sphere = (5.591878641185213,0.2,4.801185356970489), 0.2, metal((0.7511216744649047,0.7431314339412363,0.8425566414627862), 0.3370764352664683)

sphere = (5.090462086151659,0.2,5.172525300954535), 0.2, opaque((0.019323615192602103,0.02337366876178385,0.020273713930815222))

sphere = (5.3930850933148395,0.2,6.109537310778665), 0.2, opaque((0.012297943672955119,0.25780392832461924,0.4469751095641632))

sphere = (6.828153864456506,0.2,0.26710000533176964), 0.2, opaque((0.7525620212078509,0.43297394119176685,0.08766628015079288))

sphere = (6.227072992154034,0.2,1.7612360416244113), 0.2, opaque((0.03347917389620714,0.17764783687218588,0.4968448919649124))

sphere = (6.023989289335599,0.2,2.391725211614177), 0.2, opaque((0.1063119788319699,0.6189744505981244,0.3274176123384302))

sphere = (6.738112076710137,0.2,3.7221809132776693), 0.2, metal((0.7321252284771187,0.9942479135861866,0.9461951904219456), 0.18465850870147232)